# DATE, TIME OF THE DAY, C, B, A, t, s_err, n, mean,  errMeanSa
00000000 0000 0.00000000 0.00000000 0.00000000 0.00000000 0.00000000 0000 0.00000000 0.00000000
20150314 1518 58.99825580 121.37056356 -2.22827180 1.65039322 76.54692802 0279 2.07179211 3964.44253194
20150314 1103 60.35024020 117.80647206 -1.98264065 1.65039322 79.51625952 0279 2.07179211 3964.44253194
20150314 1207 64.94283256 116.54402851 -2.00949129 1.65039322 80.23824689 0279 2.07179211 3964.44253194
20150314 1311 60.30947380 116.78939684 -2.04804424 1.65039322 75.07351021 0279 2.07178853 3964.44471852
20150314 1239 58.10411789 120.16016664 -2.16122218 1.65039322 75.07799628 0279 2.07179211 3964.44253194
20150314 1135 61.20563238 117.91676701 -2.06737683 1.65039322 77.22963306 0279 2.07179211 3964.44253194
20150314 1446 61.19829030 118.26482388 -2.07166564 1.65039322 77.13305296 0279 2.07179211 3964.44253194
20150314 1000 57.85077531 121.79934186 -2.09783781 1.65039322 77.82829678 0279 2.07179211 3964.44253194
20150314 1031 57.58979393 119.66229242 -1.87988113 1.65039322 79.17258823 0279 2.07179211 3964.44253194
20150314 1343 61.26578258 116.91450533 -2.04944668 1.65039322 75.21139458 0279 2.07179211 3964.44253194
20150314 0928 61.80258495 119.39268608 -1.97871606 1.65041343 80.21387969 0278 2.06638489 3962.17476982
20150314 1414 56.82970495 121.82378078 -2.19145419 1.65039322 75.15014007 0279 2.07179211 3964.44253194
